/*--------------------------------*- C++ -*----------------------------------*\ 
| =========                 |                                                 | 
| \\      /  F ield         | OpenFOAM: The Open Source CFD Toolbox           | 
|  \\    /   O peration     | Version:  2.1.0                                 | 
|   \\  /    A nd           | Web:      www.OpenFOAM.com                      | 
|    \\/     M anipulation  |                                                 | 
\*---------------------------------------------------------------------------*/ 
FoamFile                                                                        
{                                                                               
    version     2.0;                                                            
    format      ascii;                                                          
    class       dictionary;                                                     
    object      blockMeshDict;                                                  
}                                                                               
// * * * * * * * * * * * * * * * * * * * * * * * * * * * * * * * * * * * * * // 

convertToMeters 1.000000; 

vertices 
( 
    (-7.530630 0.050000 1.581494)
    (0.305099 0.050000 8.000000)
    (0.978652 0.050000 8.000000)
    (16.000000 0.050000 8.000000)
    (0.000000 0.050000 0.000000)
    (0.305099 0.050000 -0.002757)
    (0.280433 0.050000 -0.120209)
    (0.978652 0.050000 -0.205525)
    (16.000000 0.050000 -0.205525)
    (0.280433 0.050000 -8.000000)
    (0.978652 0.050000 -8.000000)
    (16.000000 0.050000 -8.000000)
    (-7.530630 -0.050000 1.581494)
    (0.305099 -0.050000 8.000000)
    (0.978652 -0.050000 8.000000)
    (16.000000 -0.050000 8.000000)
    (0.000000 -0.050000 0.000000)
    (0.305099 -0.050000 -0.002757)
    (0.280433 -0.050000 -0.120209)
    (0.978652 -0.050000 -0.205525)
    (16.000000 -0.050000 -0.205525)
    (0.280433 -0.050000 -8.000000)
    (0.978652 -0.050000 -8.000000)
    (16.000000 -0.050000 -8.000000)
); 

blocks 
( 
    hex (4 5 1 0 16 17 13 12)     (74 100 1) edgeGrading (1 0.020000 0.020000 1 500.000000 500.000000 500.000000 500.000000 1 1 1 1) 
    hex (5 7 2 1 17 19 14 13)     (175 100 1) simpleGrading (1 500.000000 1) 
    hex (7 8 3 2 19 20 15 14)     (150 100 1) simpleGrading (100.000000 500.000000 1) 
    hex (16 18 21 12 4 6 9 0)     (74 100 1) edgeGrading (1 0.020000 0.020000 1 500.000000 500.000000 500.000000 500.000000 1 1 1 1) 
    hex (18 19 22 21 6 7 10 9)    (175 100 1) simpleGrading (1 500.000000 1) 
    hex (19 20 23 22 7 8 11 10)   (150 100 1) simpleGrading (100.000000 500.000000 1) 
); 

edges 
( 
    spline 4 5 
        ( 
            (0.000159 0.050000 0.000682) 
            (0.000348 0.050000 0.001355) 
            (0.000567 0.050000 0.002020) 
            (0.000815 0.050000 0.002676) 
            (0.001094 0.050000 0.003323) 
            (0.001402 0.050000 0.003962) 
            (0.001740 0.050000 0.004591) 
            (0.002108 0.050000 0.005212) 
            (0.002505 0.050000 0.005825) 
            (0.002933 0.050000 0.006428) 
            (0.003390 0.050000 0.007023) 
            (0.003877 0.050000 0.007609) 
            (0.004393 0.050000 0.008186) 
            (0.004939 0.050000 0.008754) 
            (0.005515 0.050000 0.009313) 
            (0.006120 0.050000 0.009863) 
            (0.006755 0.050000 0.010405) 
            (0.007419 0.050000 0.010937) 
            (0.008113 0.050000 0.011461) 
            (0.008837 0.050000 0.011975) 
            (0.009589 0.050000 0.012481) 
            (0.010371 0.050000 0.012978) 
            (0.011183 0.050000 0.013465) 
            (0.012023 0.050000 0.013943) 
            (0.012893 0.050000 0.014413) 
            (0.013792 0.050000 0.014873) 
            (0.014720 0.050000 0.015324) 
            (0.015677 0.050000 0.015766) 
            (0.016663 0.050000 0.016199) 
            (0.017678 0.050000 0.016622) 
            (0.018721 0.050000 0.017036) 
            (0.019794 0.050000 0.017441) 
            (0.020895 0.050000 0.017837) 
            (0.022025 0.050000 0.018223) 
            (0.023184 0.050000 0.018600) 
            (0.024371 0.050000 0.018968) 
            (0.025586 0.050000 0.019326) 
            (0.026830 0.050000 0.019675) 
            (0.028102 0.050000 0.020014) 
            (0.029402 0.050000 0.020344) 
            (0.030731 0.050000 0.020664) 
            (0.032087 0.050000 0.020974) 
            (0.033471 0.050000 0.021275) 
            (0.034884 0.050000 0.021567) 
            (0.036324 0.050000 0.021849) 
            (0.037791 0.050000 0.022121) 
            (0.039287 0.050000 0.022383) 
            (0.040809 0.050000 0.022636) 
            (0.042359 0.050000 0.022879) 
            (0.043937 0.050000 0.023112) 
            (0.045541 0.050000 0.023335) 
            (0.047173 0.050000 0.023549) 
            (0.048832 0.050000 0.023752) 
            (0.050517 0.050000 0.023946) 
            (0.052230 0.050000 0.024130) 
            (0.053968 0.050000 0.024303) 
            (0.055734 0.050000 0.024467) 
            (0.057526 0.050000 0.024621) 
            (0.059344 0.050000 0.024765) 
            (0.061189 0.050000 0.024898) 
            (0.063059 0.050000 0.025022) 
            (0.064956 0.050000 0.025136) 
            (0.066878 0.050000 0.025239) 
            (0.068826 0.050000 0.025332) 
            (0.070800 0.050000 0.025415) 
            (0.072799 0.050000 0.025488) 
            (0.074823 0.050000 0.025551) 
            (0.076873 0.050000 0.025603) 
            (0.078948 0.050000 0.025645) 
            (0.081048 0.050000 0.025677) 
            (0.083172 0.050000 0.025698) 
            (0.085322 0.050000 0.025709) 
            (0.087495 0.050000 0.025710) 
            (0.089694 0.050000 0.025701) 
            (0.091916 0.050000 0.025681) 
            (0.094163 0.050000 0.025650) 
            (0.096433 0.050000 0.025610) 
            (0.098728 0.050000 0.025558) 
            (0.101046 0.050000 0.025497) 
            (0.103387 0.050000 0.025425) 
            (0.105752 0.050000 0.025342) 
            (0.108141 0.050000 0.025249) 
            (0.110552 0.050000 0.025146) 
            (0.112986 0.050000 0.025032) 
            (0.115444 0.050000 0.024907) 
            (0.117923 0.050000 0.024772) 
            (0.120426 0.050000 0.024627) 
            (0.122950 0.050000 0.024471) 
            (0.125497 0.050000 0.024304) 
            (0.128066 0.050000 0.024127) 
            (0.130656 0.050000 0.023940) 
            (0.133268 0.050000 0.023742) 
            (0.135902 0.050000 0.023533) 
            (0.138557 0.050000 0.023314) 
            (0.141234 0.050000 0.023085) 
            (0.143931 0.050000 0.022845) 
            (0.146649 0.050000 0.022594) 
            (0.149388 0.050000 0.022333) 
            (0.152147 0.050000 0.022061) 
            (0.154927 0.050000 0.021780) 
            (0.157727 0.050000 0.021487) 
            (0.160546 0.050000 0.021184) 
            (0.163386 0.050000 0.020871) 
            (0.166245 0.050000 0.020547) 
            (0.169124 0.050000 0.020213) 
            (0.172022 0.050000 0.019869) 
            (0.174939 0.050000 0.019514) 
            (0.177875 0.050000 0.019149) 
            (0.180830 0.050000 0.018774) 
            (0.183803 0.050000 0.018388) 
            (0.186795 0.050000 0.017992) 
            (0.189804 0.050000 0.017586) 
            (0.192832 0.050000 0.017170) 
            (0.195878 0.050000 0.016743) 
            (0.198941 0.050000 0.016307) 
            (0.202022 0.050000 0.015860) 
            (0.205120 0.050000 0.015403) 
            (0.208235 0.050000 0.014936) 
            (0.211366 0.050000 0.014459) 
            (0.214515 0.050000 0.013973) 
            (0.217680 0.050000 0.013476) 
            (0.220861 0.050000 0.012969) 
            (0.224058 0.050000 0.012453) 
            (0.227272 0.050000 0.011927) 
            (0.230500 0.050000 0.011391) 
            (0.233745 0.050000 0.010845) 
            (0.237005 0.050000 0.010290) 
            (0.240279 0.050000 0.009725) 
            (0.243569 0.050000 0.009150) 
            (0.246873 0.050000 0.008566) 
            (0.250192 0.050000 0.007973) 
            (0.253525 0.050000 0.007370) 
            (0.256873 0.050000 0.006758) 
            (0.260234 0.050000 0.006137) 
            (0.263609 0.050000 0.005506) 
            (0.266997 0.050000 0.004866) 
            (0.270399 0.050000 0.004217) 
            (0.273813 0.050000 0.003559) 
            (0.277241 0.050000 0.002893) 
            (0.280681 0.050000 0.002217) 
            (0.284134 0.050000 0.001532) 
            (0.287598 0.050000 0.000839) 
            (0.291075 0.050000 0.000137) 
            (0.294564 0.050000 -0.000574) 
            (0.298064 0.050000 -0.001293) 
            (0.301576 0.050000 -0.002021) 
        ) 
    spline 5 7 
        ( 
            (0.308633 0.050000 -0.003502)
            (0.312177 0.050000 -0.004255)
            (0.315733 0.050000 -0.005015)
            (0.319298 0.050000 -0.005785)
            (0.322874 0.050000 -0.006562)
            (0.326459 0.050000 -0.007347)
            (0.330054 0.050000 -0.008140)
            (0.333659 0.050000 -0.008940)
            (0.337273 0.050000 -0.009749)
            (0.340896 0.050000 -0.010565)
            (0.344528 0.050000 -0.011389)
            (0.348168 0.050000 -0.012220)
            (0.351817 0.050000 -0.013058)
            (0.355474 0.050000 -0.013904)
            (0.359139 0.050000 -0.014757)
            (0.362811 0.050000 -0.015617)
            (0.366491 0.050000 -0.016484)
            (0.370179 0.050000 -0.017358)
            (0.373873 0.050000 -0.018238)
            (0.377574 0.050000 -0.019126)
            (0.381282 0.050000 -0.020020)
            (0.384997 0.050000 -0.020921)
            (0.388717 0.050000 -0.021828)
            (0.392444 0.050000 -0.022741)
            (0.396176 0.050000 -0.023661)
            (0.399913 0.050000 -0.024587)
            (0.403656 0.050000 -0.025519)
            (0.407404 0.050000 -0.026457)
            (0.411157 0.050000 -0.027401)
            (0.414915 0.050000 -0.028351)
            (0.418677 0.050000 -0.029306)
            (0.422443 0.050000 -0.030267)
            (0.426213 0.050000 -0.031233)
            (0.429986 0.050000 -0.032205)
            (0.433763 0.050000 -0.033182)
            (0.437544 0.050000 -0.034165)
            (0.441327 0.050000 -0.035152)
            (0.445114 0.050000 -0.036144)
            (0.448903 0.050000 -0.037141)
            (0.452694 0.050000 -0.038143)
            (0.456487 0.050000 -0.039150)
            (0.460282 0.050000 -0.040161)
            (0.464079 0.050000 -0.041177)
            (0.467878 0.050000 -0.042197)
            (0.471677 0.050000 -0.043222)
            (0.475478 0.050000 -0.044250)
            (0.479279 0.050000 -0.045283)
            (0.483081 0.050000 -0.046319)
            (0.486883 0.050000 -0.047359)
            (0.490686 0.050000 -0.048404)
            (0.494488 0.050000 -0.049451)
            (0.498290 0.050000 -0.050503)
            (0.502091 0.050000 -0.051557)
            (0.505891 0.050000 -0.052615)
            (0.509691 0.050000 -0.053676)
            (0.513489 0.050000 -0.054741)
            (0.517285 0.050000 -0.055808)
            (0.521080 0.050000 -0.056878)
            (0.524873 0.050000 -0.057952)
            (0.528663 0.050000 -0.059027)
            (0.532452 0.050000 -0.060106)
            (0.536237 0.050000 -0.061186)
            (0.540020 0.050000 -0.062270)
            (0.543800 0.050000 -0.063355)
            (0.547576 0.050000 -0.064443)
            (0.551349 0.050000 -0.065533)
            (0.555118 0.050000 -0.066624)
            (0.558883 0.050000 -0.067718)
            (0.562644 0.050000 -0.068813)
            (0.566400 0.050000 -0.069910)
            (0.570152 0.050000 -0.071009)
            (0.573898 0.050000 -0.072109)
            (0.577640 0.050000 -0.073210)
            (0.581376 0.050000 -0.074313)
            (0.585107 0.050000 -0.075417)
            (0.588832 0.050000 -0.076521)
            (0.592551 0.050000 -0.077627)
            (0.596263 0.050000 -0.078734)
            (0.599970 0.050000 -0.079841)
            (0.603669 0.050000 -0.080949)
            (0.607362 0.050000 -0.082057)
            (0.611047 0.050000 -0.083166)
            (0.614725 0.050000 -0.084276)
            (0.618396 0.050000 -0.085385)
            (0.622058 0.050000 -0.086495)
            (0.625713 0.050000 -0.087604)
            (0.629359 0.050000 -0.088714)
            (0.632997 0.050000 -0.089823)
            (0.636626 0.050000 -0.090932)
            (0.640247 0.050000 -0.092041)
            (0.643858 0.050000 -0.093149)
            (0.647460 0.050000 -0.094257)
            (0.651052 0.050000 -0.095364)
            (0.654635 0.050000 -0.096471)
            (0.658207 0.050000 -0.097576)
            (0.661770 0.050000 -0.098681)
            (0.665322 0.050000 -0.099784)
            (0.668863 0.050000 -0.100887)
            (0.672394 0.050000 -0.101988)
            (0.675913 0.050000 -0.103087)
            (0.679421 0.050000 -0.104186)
            (0.682918 0.050000 -0.105283)
            (0.686403 0.050000 -0.106378)
            (0.689876 0.050000 -0.107471)
            (0.693337 0.050000 -0.108563)
            (0.696785 0.050000 -0.109653)
            (0.700221 0.050000 -0.110741)
            (0.703645 0.050000 -0.111826)
            (0.707055 0.050000 -0.112910)
            (0.710452 0.050000 -0.113991)
            (0.713836 0.050000 -0.115070)
            (0.717207 0.050000 -0.116147)
            (0.720563 0.050000 -0.117220)
            (0.723906 0.050000 -0.118292)
            (0.727234 0.050000 -0.119360)
            (0.730548 0.050000 -0.120426)
            (0.733848 0.050000 -0.121489)
            (0.737132 0.050000 -0.122549)
            (0.740402 0.050000 -0.123605)
            (0.743657 0.050000 -0.124659)
            (0.746896 0.050000 -0.125709)
            (0.750120 0.050000 -0.126756)
            (0.753327 0.050000 -0.127800)
            (0.756519 0.050000 -0.128840)
            (0.759695 0.050000 -0.129876)
            (0.762855 0.050000 -0.130909)
            (0.765997 0.050000 -0.131938)
            (0.769124 0.050000 -0.132963)
            (0.772233 0.050000 -0.133984)
            (0.775325 0.050000 -0.135001)
            (0.778400 0.050000 -0.136013)
            (0.781458 0.050000 -0.137022)
            (0.784497 0.050000 -0.138026)
            (0.787519 0.050000 -0.139026)
            (0.790523 0.050000 -0.140022)
            (0.793509 0.050000 -0.141012)
            (0.796476 0.050000 -0.141999)
            (0.799425 0.050000 -0.142980)
            (0.802355 0.050000 -0.143957)
            (0.805266 0.050000 -0.144928)
            (0.808158 0.050000 -0.145895)
            (0.811031 0.050000 -0.146857)
            (0.813885 0.050000 -0.147813)
            (0.816718 0.050000 -0.148765)
            (0.819532 0.050000 -0.149711)
            (0.822326 0.050000 -0.150651)
            (0.825100 0.050000 -0.151587)
            (0.827854 0.050000 -0.152516)
            (0.830587 0.050000 -0.153440)
            (0.833300 0.050000 -0.154358)
            (0.835991 0.050000 -0.155271)
            (0.838662 0.050000 -0.156177)
            (0.841312 0.050000 -0.157078)
            (0.843941 0.050000 -0.157972)
            (0.846548 0.050000 -0.158861)
            (0.849133 0.050000 -0.159743)
            (0.851697 0.050000 -0.160619)
            (0.854239 0.050000 -0.161489)
            (0.856759 0.050000 -0.162352)
            (0.859256 0.050000 -0.163208)
            (0.861732 0.050000 -0.164059)
            (0.864184 0.050000 -0.164902)
            (0.866615 0.050000 -0.165739)
            (0.869022 0.050000 -0.166569)
            (0.871406 0.050000 -0.167392)
            (0.873768 0.050000 -0.168208)
            (0.876106 0.050000 -0.169017)
            (0.878421 0.050000 -0.169818)
            (0.880712 0.050000 -0.170613)
            (0.882980 0.050000 -0.171401)
            (0.885224 0.050000 -0.172181)
            (0.887444 0.050000 -0.172953)
            (0.889640 0.050000 -0.173719)
            (0.891812 0.050000 -0.174476)
            (0.893960 0.050000 -0.175226)
            (0.896083 0.050000 -0.175969)
            (0.898182 0.050000 -0.176703)
            (0.900256 0.050000 -0.177430)
            (0.902305 0.050000 -0.178149)
            (0.904329 0.050000 -0.178860)
            (0.906329 0.050000 -0.179563)
            (0.908303 0.050000 -0.180258)
            (0.910252 0.050000 -0.180945)
            (0.912175 0.050000 -0.181623)
            (0.914073 0.050000 -0.182293)
            (0.915945 0.050000 -0.182955)
            (0.917792 0.050000 -0.183608)
            (0.919613 0.050000 -0.184253)
            (0.921408 0.050000 -0.184889)
            (0.923177 0.050000 -0.185517)
            (0.924919 0.050000 -0.186136)
            (0.926636 0.050000 -0.186746)
            (0.928326 0.050000 -0.187348)
            (0.929989 0.050000 -0.187940)
            (0.931627 0.050000 -0.188524)
            (0.933237 0.050000 -0.189098)
            (0.934821 0.050000 -0.189664)
            (0.936377 0.050000 -0.190221)
            (0.937907 0.050000 -0.190768)
            (0.939410 0.050000 -0.191306)
            (0.940886 0.050000 -0.191835)
            (0.942335 0.050000 -0.192355)
            (0.943756 0.050000 -0.192865)
            (0.945150 0.050000 -0.193366)
            (0.946516 0.050000 -0.193857)
            (0.947855 0.050000 -0.194339)
            (0.949167 0.050000 -0.194811)
            (0.950450 0.050000 -0.195274)
            (0.951706 0.050000 -0.195727)
            (0.952934 0.050000 -0.196170)
            (0.954134 0.050000 -0.196603)
            (0.955307 0.050000 -0.197027)
            (0.956451 0.050000 -0.197441)
            (0.957567 0.050000 -0.197845)
            (0.958655 0.050000 -0.198238)
            (0.959714 0.050000 -0.198622)
            (0.960745 0.050000 -0.198996)
            (0.961748 0.050000 -0.199360)
            (0.962723 0.050000 -0.199714)
            (0.963669 0.050000 -0.200057)
            (0.964586 0.050000 -0.200391)
            (0.965475 0.050000 -0.200714)
            (0.966336 0.050000 -0.201027)
            (0.967167 0.050000 -0.201330)
            (0.967970 0.050000 -0.201622)
            (0.968744 0.050000 -0.201904)
            (0.969489 0.050000 -0.202176)
            (0.970206 0.050000 -0.202437)
            (0.970893 0.050000 -0.202687)
            (0.971551 0.050000 -0.202928)
            (0.972181 0.050000 -0.203158)
            (0.972781 0.050000 -0.203377)
            (0.973353 0.050000 -0.203586)
            (0.973895 0.050000 -0.203784)
            (0.974408 0.050000 -0.203971)
            (0.974892 0.050000 -0.204148)
            (0.975347 0.050000 -0.204315)
            (0.975772 0.050000 -0.204470)
            (0.976169 0.050000 -0.204615)
            (0.976536 0.050000 -0.204750)
            (0.976874 0.050000 -0.204873)
            (0.977182 0.050000 -0.204986)
            (0.977461 0.050000 -0.205089)
            (0.977711 0.050000 -0.205180)
            (0.977932 0.050000 -0.205261)
            (0.978123 0.050000 -0.205331)
            (0.978284 0.050000 -0.205390)
            (0.978417 0.050000 -0.205439)
            (0.978520 0.050000 -0.205476)
            (0.978593 0.050000 -0.205503)
            (0.978637 0.050000 -0.205519)
        ) 
    spline 4 6 
        ( 
            (-0.000129 0.050000 -0.000688)
            (-0.000227 0.050000 -0.001381)
            (-0.000294 0.050000 -0.002077)
            (-0.000330 0.050000 -0.002778)
            (-0.000335 0.050000 -0.003482)
            (-0.000310 0.050000 -0.004191)
            (-0.000254 0.050000 -0.004903)
            (-0.000167 0.050000 -0.005620)
            (-0.000049 0.050000 -0.006340)
            (0.000099 0.050000 -0.007065)
            (0.000278 0.050000 -0.007793)
            (0.000488 0.050000 -0.008525)
            (0.000729 0.050000 -0.009261)
            (0.001001 0.050000 -0.010001)
            (0.001303 0.050000 -0.010745)
            (0.001635 0.050000 -0.011492)
            (0.001999 0.050000 -0.012243)
            (0.002393 0.050000 -0.012998)
            (0.002817 0.050000 -0.013756)
            (0.003273 0.050000 -0.014518)
            (0.003758 0.050000 -0.015284)
            (0.004275 0.050000 -0.016053)
            (0.004821 0.050000 -0.016826)
            (0.005398 0.050000 -0.017602)
            (0.006006 0.050000 -0.018382)
            (0.006644 0.050000 -0.019165)
            (0.007312 0.050000 -0.019951)
            (0.008010 0.050000 -0.020740)
            (0.008739 0.050000 -0.021533)
            (0.009498 0.050000 -0.022329)
            (0.010287 0.050000 -0.023128)
            (0.011106 0.050000 -0.023930)
            (0.011955 0.050000 -0.024736)
            (0.012834 0.050000 -0.025544)
            (0.013743 0.050000 -0.026355)
            (0.014682 0.050000 -0.027169)
            (0.015650 0.050000 -0.027986)
            (0.016649 0.050000 -0.028805)
            (0.017677 0.050000 -0.029628)
            (0.018735 0.050000 -0.030453)
            (0.019822 0.050000 -0.031280)
            (0.020939 0.050000 -0.032110)
            (0.022085 0.050000 -0.032943)
            (0.023261 0.050000 -0.033778)
            (0.024466 0.050000 -0.034615)
            (0.025700 0.050000 -0.035454)
            (0.026963 0.050000 -0.036296)
            (0.028256 0.050000 -0.037140)
            (0.029577 0.050000 -0.037986)
            (0.030928 0.050000 -0.038834)
            (0.032307 0.050000 -0.039684)
            (0.033715 0.050000 -0.040536)
            (0.035151 0.050000 -0.041389)
            (0.036617 0.050000 -0.042245)
            (0.038110 0.050000 -0.043102)
            (0.039633 0.050000 -0.043960)
            (0.041183 0.050000 -0.044821)
            (0.042762 0.050000 -0.045682)
            (0.044369 0.050000 -0.046545)
            (0.046003 0.050000 -0.047410)
            (0.047666 0.050000 -0.048275)
            (0.049357 0.050000 -0.049142)
            (0.051075 0.050000 -0.050010)
            (0.052821 0.050000 -0.050879)
            (0.054595 0.050000 -0.051749)
            (0.056396 0.050000 -0.052620)
            (0.058224 0.050000 -0.053492)
            (0.060079 0.050000 -0.054364)
            (0.061962 0.050000 -0.055237)
            (0.063872 0.050000 -0.056111)
            (0.065808 0.050000 -0.056985)
            (0.067771 0.050000 -0.057860)
            (0.069761 0.050000 -0.058735)
            (0.071777 0.050000 -0.059611)
            (0.073820 0.050000 -0.060487)
            (0.075889 0.050000 -0.061363)
            (0.077984 0.050000 -0.062239)
            (0.080105 0.050000 -0.063115)
            (0.082253 0.050000 -0.063991)
            (0.084425 0.050000 -0.064867)
            (0.086624 0.050000 -0.065743)
            (0.088848 0.050000 -0.066618)
            (0.091097 0.050000 -0.067494)
            (0.093372 0.050000 -0.068369)
            (0.095671 0.050000 -0.069243)
            (0.097996 0.050000 -0.070117)
            (0.100345 0.050000 -0.070990)
            (0.102719 0.050000 -0.071863)
            (0.105118 0.050000 -0.072735)
            (0.107541 0.050000 -0.073607)
            (0.109988 0.050000 -0.074477)
            (0.112459 0.050000 -0.075346)
            (0.114954 0.050000 -0.076215)
            (0.117473 0.050000 -0.077083)
            (0.120016 0.050000 -0.077949)
            (0.122582 0.050000 -0.078814)
            (0.125171 0.050000 -0.079678)
            (0.127783 0.050000 -0.080541)
            (0.130419 0.050000 -0.081403)
            (0.133077 0.050000 -0.082263)
            (0.135758 0.050000 -0.083121)
            (0.138461 0.050000 -0.083978)
            (0.141187 0.050000 -0.084834)
            (0.143935 0.050000 -0.085688)
            (0.146705 0.050000 -0.086540)
            (0.149497 0.050000 -0.087391)
            (0.152310 0.050000 -0.088239)
            (0.155145 0.050000 -0.089086)
            (0.158001 0.050000 -0.089931)
            (0.160878 0.050000 -0.090774)
            (0.163776 0.050000 -0.091615)
            (0.166695 0.050000 -0.092454)
            (0.169635 0.050000 -0.093291)
            (0.172595 0.050000 -0.094125)
            (0.175575 0.050000 -0.094958)
            (0.178575 0.050000 -0.095788)
            (0.181595 0.050000 -0.096616)
            (0.184634 0.050000 -0.097442)
            (0.187693 0.050000 -0.098265)
            (0.190772 0.050000 -0.099086)
            (0.193869 0.050000 -0.099904)
            (0.196985 0.050000 -0.100720)
            (0.200120 0.050000 -0.101534)
            (0.203274 0.050000 -0.102345)
            (0.206445 0.050000 -0.103153)
            (0.209635 0.050000 -0.103958)
            (0.212843 0.050000 -0.104761)
            (0.216068 0.050000 -0.105561)
            (0.219311 0.050000 -0.106359)
            (0.222571 0.050000 -0.107154)
            (0.225848 0.050000 -0.107945)
            (0.229143 0.050000 -0.108734)
            (0.232453 0.050000 -0.109520)
            (0.235780 0.050000 -0.110304)
            (0.239124 0.050000 -0.111084)
            (0.242483 0.050000 -0.111861)
            (0.245859 0.050000 -0.112636)
            (0.249249 0.050000 -0.113407)
            (0.252656 0.050000 -0.114175)
            (0.256077 0.050000 -0.114940)
            (0.259513 0.050000 -0.115702)
            (0.262964 0.050000 -0.116462)
            (0.266430 0.050000 -0.117217)
            (0.269910 0.050000 -0.117970)
            (0.273404 0.050000 -0.118720)
            (0.276912 0.050000 -0.119466)
        ) 
    spline 6 7 
        ( 
            (0.283968 0.050000 -0.120949)
            (0.287516 0.050000 -0.121686)
            (0.291077 0.050000 -0.122419)
            (0.294650 0.050000 -0.123150)
            (0.298237 0.050000 -0.123877)
            (0.301835 0.050000 -0.124600)
            (0.305445 0.050000 -0.125320)
            (0.309068 0.050000 -0.126037)
            (0.312702 0.050000 -0.126751)
            (0.316347 0.050000 -0.127461)
            (0.320003 0.050000 -0.128168)
            (0.323670 0.050000 -0.128872)
            (0.327348 0.050000 -0.129572)
            (0.331036 0.050000 -0.130269)
            (0.334734 0.050000 -0.130962)
            (0.338443 0.050000 -0.131652)
            (0.342161 0.050000 -0.132339)
            (0.345888 0.050000 -0.133022)
            (0.349625 0.050000 -0.133702)
            (0.353370 0.050000 -0.134379)
            (0.357125 0.050000 -0.135052)
            (0.360888 0.050000 -0.135721)
            (0.364659 0.050000 -0.136387)
            (0.368438 0.050000 -0.137050)
            (0.372225 0.050000 -0.137709)
            (0.376019 0.050000 -0.138365)
            (0.379821 0.050000 -0.139018)
            (0.383630 0.050000 -0.139667)
            (0.387445 0.050000 -0.140312)
            (0.391267 0.050000 -0.140954)
            (0.395095 0.050000 -0.141593)
            (0.398930 0.050000 -0.142228)
            (0.402770 0.050000 -0.142860)
            (0.406616 0.050000 -0.143488)
            (0.410467 0.050000 -0.144113)
            (0.414323 0.050000 -0.144735)
            (0.418184 0.050000 -0.145353)
            (0.422050 0.050000 -0.145967)
            (0.425920 0.050000 -0.146578)
            (0.429794 0.050000 -0.147186)
            (0.433672 0.050000 -0.147790)
            (0.437553 0.050000 -0.148391)
            (0.441438 0.050000 -0.148989)
            (0.445326 0.050000 -0.149583)
            (0.449216 0.050000 -0.150174)
            (0.453110 0.050000 -0.150761)
            (0.457005 0.050000 -0.151345)
            (0.460903 0.050000 -0.151925)
            (0.464802 0.050000 -0.152502)
            (0.468704 0.050000 -0.153076)
            (0.472606 0.050000 -0.153646)
            (0.476510 0.050000 -0.154213)
            (0.480414 0.050000 -0.154777)
            (0.484319 0.050000 -0.155337)
            (0.488224 0.050000 -0.155894)
            (0.492129 0.050000 -0.156447)
            (0.496035 0.050000 -0.156997)
            (0.499939 0.050000 -0.157544)
            (0.503843 0.050000 -0.158087)
            (0.507747 0.050000 -0.158627)
            (0.511649 0.050000 -0.159164)
            (0.515549 0.050000 -0.159697)
            (0.519448 0.050000 -0.160227)
            (0.523345 0.050000 -0.160754)
            (0.527240 0.050000 -0.161277)
            (0.531133 0.050000 -0.161797)
            (0.535022 0.050000 -0.162314)
            (0.538909 0.050000 -0.162827)
            (0.542793 0.050000 -0.163337)
            (0.546673 0.050000 -0.163844)
            (0.550550 0.050000 -0.164348)
            (0.554423 0.050000 -0.164848)
            (0.558291 0.050000 -0.165344)
            (0.562155 0.050000 -0.165838)
            (0.566015 0.050000 -0.166328)
            (0.569870 0.050000 -0.166815)
            (0.573719 0.050000 -0.167299)
            (0.577563 0.050000 -0.167779)
            (0.581402 0.050000 -0.168257)
            (0.585234 0.050000 -0.168730)
            (0.589061 0.050000 -0.169201)
            (0.592881 0.050000 -0.169668)
            (0.596694 0.050000 -0.170132)
            (0.600501 0.050000 -0.170593)
            (0.604301 0.050000 -0.171051)
            (0.608093 0.050000 -0.171505)
            (0.611878 0.050000 -0.171956)
            (0.615655 0.050000 -0.172404)
            (0.619423 0.050000 -0.172848)
            (0.623184 0.050000 -0.173290)
            (0.626936 0.050000 -0.173728)
            (0.630679 0.050000 -0.174162)
            (0.634413 0.050000 -0.174594)
            (0.638138 0.050000 -0.175022)
            (0.641854 0.050000 -0.175447)
            (0.645560 0.050000 -0.175869)
            (0.649255 0.050000 -0.176288)
            (0.652941 0.050000 -0.176703)
            (0.656616 0.050000 -0.177115)
            (0.660281 0.050000 -0.177524)
            (0.663934 0.050000 -0.177930)
            (0.667577 0.050000 -0.178332)
            (0.671208 0.050000 -0.178731)
            (0.674827 0.050000 -0.179127)
            (0.678435 0.050000 -0.179520)
            (0.682031 0.050000 -0.179910)
            (0.685614 0.050000 -0.180296)
            (0.689185 0.050000 -0.180679)
            (0.692743 0.050000 -0.181059)
            (0.696289 0.050000 -0.181436)
            (0.699821 0.050000 -0.181809)
            (0.703339 0.050000 -0.182180)
            (0.706844 0.050000 -0.182547)
            (0.710335 0.050000 -0.182911)
            (0.713812 0.050000 -0.183271)
            (0.717275 0.050000 -0.183629)
            (0.720723 0.050000 -0.183983)
            (0.724157 0.050000 -0.184334)
            (0.727576 0.050000 -0.184682)
            (0.730979 0.050000 -0.185027)
            (0.734367 0.050000 -0.185368)
            (0.737740 0.050000 -0.185706)
            (0.741096 0.050000 -0.186041)
            (0.744437 0.050000 -0.186373)
            (0.747761 0.050000 -0.186702)
            (0.751069 0.050000 -0.187028)
            (0.754360 0.050000 -0.187350)
            (0.757635 0.050000 -0.187669)
            (0.760892 0.050000 -0.187985)
            (0.764132 0.050000 -0.188298)
            (0.767355 0.050000 -0.188608)
            (0.770560 0.050000 -0.188914)
            (0.773747 0.050000 -0.189218)
            (0.776916 0.050000 -0.189518)
            (0.780066 0.050000 -0.189815)
            (0.783198 0.050000 -0.190109)
            (0.786312 0.050000 -0.190400)
            (0.789406 0.050000 -0.190687)
            (0.792482 0.050000 -0.190972)
            (0.795538 0.050000 -0.191253)
            (0.798574 0.050000 -0.191532)
            (0.801591 0.050000 -0.191807)
            (0.804588 0.050000 -0.192079)
            (0.807566 0.050000 -0.192348)
            (0.810522 0.050000 -0.192614)
            (0.813459 0.050000 -0.192877)
            (0.816374 0.050000 -0.193137)
            (0.819269 0.050000 -0.193393)
            (0.822143 0.050000 -0.193647)
            (0.824996 0.050000 -0.193897)
            (0.827828 0.050000 -0.194145)
            (0.830637 0.050000 -0.194389)
            (0.833426 0.050000 -0.194631)
            (0.836192 0.050000 -0.194869)
            (0.838936 0.050000 -0.195105)
            (0.841658 0.050000 -0.195337)
            (0.844358 0.050000 -0.195566)
            (0.847035 0.050000 -0.195793)
            (0.849689 0.050000 -0.196016)
            (0.852320 0.050000 -0.196237)
            (0.854928 0.050000 -0.196454)
            (0.857513 0.050000 -0.196669)
            (0.860075 0.050000 -0.196880)
            (0.862612 0.050000 -0.197089)
            (0.865127 0.050000 -0.197295)
            (0.867617 0.050000 -0.197497)
            (0.870083 0.050000 -0.197697)
            (0.872525 0.050000 -0.197894)
            (0.874942 0.050000 -0.198089)
            (0.877335 0.050000 -0.198280)
            (0.879703 0.050000 -0.198468)
            (0.882047 0.050000 -0.198654)
            (0.884365 0.050000 -0.198837)
            (0.886658 0.050000 -0.199017)
            (0.888926 0.050000 -0.199194)
            (0.891169 0.050000 -0.199369)
            (0.893386 0.050000 -0.199540)
            (0.895577 0.050000 -0.199709)
            (0.897742 0.050000 -0.199875)
            (0.899882 0.050000 -0.200039)
            (0.901995 0.050000 -0.200200)
            (0.904082 0.050000 -0.200358)
            (0.906142 0.050000 -0.200513)
            (0.908176 0.050000 -0.200666)
            (0.910183 0.050000 -0.200816)
            (0.912164 0.050000 -0.200963)
            (0.914117 0.050000 -0.201108)
            (0.916043 0.050000 -0.201250)
            (0.917943 0.050000 -0.201389)
            (0.919815 0.050000 -0.201526)
            (0.921659 0.050000 -0.201661)
            (0.923476 0.050000 -0.201792)
            (0.925265 0.050000 -0.201922)
            (0.927027 0.050000 -0.202048)
            (0.928760 0.050000 -0.202173)
            (0.930466 0.050000 -0.202294)
            (0.932143 0.050000 -0.202413)
            (0.933792 0.050000 -0.202530)
            (0.935413 0.050000 -0.202645)
            (0.937006 0.050000 -0.202756)
            (0.938569 0.050000 -0.202866)
            (0.940105 0.050000 -0.202973)
            (0.941611 0.050000 -0.203077)
            (0.943089 0.050000 -0.203180)
            (0.944537 0.050000 -0.203280)
            (0.945957 0.050000 -0.203377)
            (0.947348 0.050000 -0.203472)
            (0.948709 0.050000 -0.203565)
            (0.950041 0.050000 -0.203656)
            (0.951344 0.050000 -0.203744)
            (0.952617 0.050000 -0.203830)
            (0.953860 0.050000 -0.203914)
            (0.955074 0.050000 -0.203995)
            (0.956258 0.050000 -0.204074)
            (0.957413 0.050000 -0.204151)
            (0.958537 0.050000 -0.204226)
            (0.959632 0.050000 -0.204299)
            (0.960696 0.050000 -0.204369)
            (0.961731 0.050000 -0.204437)
            (0.962735 0.050000 -0.204503)
            (0.963709 0.050000 -0.204567)
            (0.964653 0.050000 -0.204629)
            (0.965567 0.050000 -0.204688)
            (0.966450 0.050000 -0.204746)
            (0.967302 0.050000 -0.204801)
            (0.968124 0.050000 -0.204854)
            (0.968916 0.050000 -0.204905)
            (0.969677 0.050000 -0.204954)
            (0.970407 0.050000 -0.205001)
            (0.971107 0.050000 -0.205046)
            (0.971775 0.050000 -0.205089)
            (0.972413 0.050000 -0.205130)
            (0.973020 0.050000 -0.205169)
            (0.973596 0.050000 -0.205205)
            (0.974142 0.050000 -0.205240)
            (0.974656 0.050000 -0.205273)
            (0.975139 0.050000 -0.205303)
            (0.975592 0.050000 -0.205332)
            (0.976013 0.050000 -0.205359)
            (0.976403 0.050000 -0.205383)
            (0.976762 0.050000 -0.205406)
            (0.977090 0.050000 -0.205427)
            (0.977386 0.050000 -0.205445)
            (0.977652 0.050000 -0.205462)
            (0.977886 0.050000 -0.205477)
            (0.978089 0.050000 -0.205490)
            (0.978261 0.050000 -0.205500)
            (0.978402 0.050000 -0.205509)
            (0.978511 0.050000 -0.205516)
            (0.978589 0.050000 -0.205521)
            (0.978636 0.050000 -0.205524)
        ) 
    spline 16 17 
        ( 
            (0.000159 -0.050000 0.000682)
            (0.000348 -0.050000 0.001355)
            (0.000567 -0.050000 0.002020)
            (0.000815 -0.050000 0.002676)
            (0.001094 -0.050000 0.003323)
            (0.001402 -0.050000 0.003962)
            (0.001740 -0.050000 0.004591)
            (0.002108 -0.050000 0.005212)
            (0.002505 -0.050000 0.005825)
            (0.002933 -0.050000 0.006428)
            (0.003390 -0.050000 0.007023)
            (0.003877 -0.050000 0.007609)
            (0.004393 -0.050000 0.008186)
            (0.004939 -0.050000 0.008754)
            (0.005515 -0.050000 0.009313)
            (0.006120 -0.050000 0.009863)
            (0.006755 -0.050000 0.010405)
            (0.007419 -0.050000 0.010937)
            (0.008113 -0.050000 0.011461)
            (0.008837 -0.050000 0.011975)
            (0.009589 -0.050000 0.012481)
            (0.010371 -0.050000 0.012978)
            (0.011183 -0.050000 0.013465)
            (0.012023 -0.050000 0.013943)
            (0.012893 -0.050000 0.014413)
            (0.013792 -0.050000 0.014873)
            (0.014720 -0.050000 0.015324)
            (0.015677 -0.050000 0.015766)
            (0.016663 -0.050000 0.016199)
            (0.017678 -0.050000 0.016622)
            (0.018721 -0.050000 0.017036)
            (0.019794 -0.050000 0.017441)
            (0.020895 -0.050000 0.017837)
            (0.022025 -0.050000 0.018223)
            (0.023184 -0.050000 0.018600)
            (0.024371 -0.050000 0.018968)
            (0.025586 -0.050000 0.019326)
            (0.026830 -0.050000 0.019675)
            (0.028102 -0.050000 0.020014)
            (0.029402 -0.050000 0.020344)
            (0.030731 -0.050000 0.020664)
            (0.032087 -0.050000 0.020974)
            (0.033471 -0.050000 0.021275)
            (0.034884 -0.050000 0.021567)
            (0.036324 -0.050000 0.021849)
            (0.037791 -0.050000 0.022121)
            (0.039287 -0.050000 0.022383)
            (0.040809 -0.050000 0.022636)
            (0.042359 -0.050000 0.022879)
            (0.043937 -0.050000 0.023112)
            (0.045541 -0.050000 0.023335)
            (0.047173 -0.050000 0.023549)
            (0.048832 -0.050000 0.023752)
            (0.050517 -0.050000 0.023946)
            (0.052230 -0.050000 0.024130)
            (0.053968 -0.050000 0.024303)
            (0.055734 -0.050000 0.024467)
            (0.057526 -0.050000 0.024621)
            (0.059344 -0.050000 0.024765)
            (0.061189 -0.050000 0.024898)
            (0.063059 -0.050000 0.025022)
            (0.064956 -0.050000 0.025136)
            (0.066878 -0.050000 0.025239)
            (0.068826 -0.050000 0.025332)
            (0.070800 -0.050000 0.025415)
            (0.072799 -0.050000 0.025488)
            (0.074823 -0.050000 0.025551)
            (0.076873 -0.050000 0.025603)
            (0.078948 -0.050000 0.025645)
            (0.081048 -0.050000 0.025677)
            (0.083172 -0.050000 0.025698)
            (0.085322 -0.050000 0.025709)
            (0.087495 -0.050000 0.025710)
            (0.089694 -0.050000 0.025701)
            (0.091916 -0.050000 0.025681)
            (0.094163 -0.050000 0.025650)
            (0.096433 -0.050000 0.025610)
            (0.098728 -0.050000 0.025558)
            (0.101046 -0.050000 0.025497)
            (0.103387 -0.050000 0.025425)
            (0.105752 -0.050000 0.025342)
            (0.108141 -0.050000 0.025249)
            (0.110552 -0.050000 0.025146)
            (0.112986 -0.050000 0.025032)
            (0.115444 -0.050000 0.024907)
            (0.117923 -0.050000 0.024772)
            (0.120426 -0.050000 0.024627)
            (0.122950 -0.050000 0.024471)
            (0.125497 -0.050000 0.024304)
            (0.128066 -0.050000 0.024127)
            (0.130656 -0.050000 0.023940)
            (0.133268 -0.050000 0.023742)
            (0.135902 -0.050000 0.023533)
            (0.138557 -0.050000 0.023314)
            (0.141234 -0.050000 0.023085)
            (0.143931 -0.050000 0.022845)
            (0.146649 -0.050000 0.022594)
            (0.149388 -0.050000 0.022333)
            (0.152147 -0.050000 0.022061)
            (0.154927 -0.050000 0.021780)
            (0.157727 -0.050000 0.021487)
            (0.160546 -0.050000 0.021184)
            (0.163386 -0.050000 0.020871)
            (0.166245 -0.050000 0.020547)
            (0.169124 -0.050000 0.020213)
            (0.172022 -0.050000 0.019869)
            (0.174939 -0.050000 0.019514)
            (0.177875 -0.050000 0.019149)
            (0.180830 -0.050000 0.018774)
            (0.183803 -0.050000 0.018388)
            (0.186795 -0.050000 0.017992)
            (0.189804 -0.050000 0.017586)
            (0.192832 -0.050000 0.017170)
            (0.195878 -0.050000 0.016743)
            (0.198941 -0.050000 0.016307)
            (0.202022 -0.050000 0.015860)
            (0.205120 -0.050000 0.015403)
            (0.208235 -0.050000 0.014936)
            (0.211366 -0.050000 0.014459)
            (0.214515 -0.050000 0.013973)
            (0.217680 -0.050000 0.013476)
            (0.220861 -0.050000 0.012969)
            (0.224058 -0.050000 0.012453)
            (0.227272 -0.050000 0.011927)
            (0.230500 -0.050000 0.011391)
            (0.233745 -0.050000 0.010845)
            (0.237005 -0.050000 0.010290)
            (0.240279 -0.050000 0.009725)
            (0.243569 -0.050000 0.009150)
            (0.246873 -0.050000 0.008566)
            (0.250192 -0.050000 0.007973)
            (0.253525 -0.050000 0.007370)
            (0.256873 -0.050000 0.006758)
            (0.260234 -0.050000 0.006137)
            (0.263609 -0.050000 0.005506)
            (0.266997 -0.050000 0.004866)
            (0.270399 -0.050000 0.004217)
            (0.273813 -0.050000 0.003559)
            (0.277241 -0.050000 0.002893)
            (0.280681 -0.050000 0.002217)
            (0.284134 -0.050000 0.001532)
            (0.287598 -0.050000 0.000839)
            (0.291075 -0.050000 0.000137)
            (0.294564 -0.050000 -0.000574)
            (0.298064 -0.050000 -0.001293)
            (0.301576 -0.050000 -0.002021)
        ) 
    spline 17 19 
        ( 
            (0.308633 -0.050000 -0.003502)
            (0.312177 -0.050000 -0.004255)
            (0.315733 -0.050000 -0.005015)
            (0.319298 -0.050000 -0.005785)
            (0.322874 -0.050000 -0.006562)
            (0.326459 -0.050000 -0.007347)
            (0.330054 -0.050000 -0.008140)
            (0.333659 -0.050000 -0.008940)
            (0.337273 -0.050000 -0.009749)
            (0.340896 -0.050000 -0.010565)
            (0.344528 -0.050000 -0.011389)
            (0.348168 -0.050000 -0.012220)
            (0.351817 -0.050000 -0.013058)
            (0.355474 -0.050000 -0.013904)
            (0.359139 -0.050000 -0.014757)
            (0.362811 -0.050000 -0.015617)
            (0.366491 -0.050000 -0.016484)
            (0.370179 -0.050000 -0.017358)
            (0.373873 -0.050000 -0.018238)
            (0.377574 -0.050000 -0.019126)
            (0.381282 -0.050000 -0.020020)
            (0.384997 -0.050000 -0.020921)
            (0.388717 -0.050000 -0.021828)
            (0.392444 -0.050000 -0.022741)
            (0.396176 -0.050000 -0.023661)
            (0.399913 -0.050000 -0.024587)
            (0.403656 -0.050000 -0.025519)
            (0.407404 -0.050000 -0.026457)
            (0.411157 -0.050000 -0.027401)
            (0.414915 -0.050000 -0.028351)
            (0.418677 -0.050000 -0.029306)
            (0.422443 -0.050000 -0.030267)
            (0.426213 -0.050000 -0.031233)
            (0.429986 -0.050000 -0.032205)
            (0.433763 -0.050000 -0.033182)
            (0.437544 -0.050000 -0.034165)
            (0.441327 -0.050000 -0.035152)
            (0.445114 -0.050000 -0.036144)
            (0.448903 -0.050000 -0.037141)
            (0.452694 -0.050000 -0.038143)
            (0.456487 -0.050000 -0.039150)
            (0.460282 -0.050000 -0.040161)
            (0.464079 -0.050000 -0.041177)
            (0.467878 -0.050000 -0.042197)
            (0.471677 -0.050000 -0.043222)
            (0.475478 -0.050000 -0.044250)
            (0.479279 -0.050000 -0.045283)
            (0.483081 -0.050000 -0.046319)
            (0.486883 -0.050000 -0.047359)
            (0.490686 -0.050000 -0.048404)
            (0.494488 -0.050000 -0.049451)
            (0.498290 -0.050000 -0.050503)
            (0.502091 -0.050000 -0.051557)
            (0.505891 -0.050000 -0.052615)
            (0.509691 -0.050000 -0.053676)
            (0.513489 -0.050000 -0.054741)
            (0.517285 -0.050000 -0.055808)
            (0.521080 -0.050000 -0.056878)
            (0.524873 -0.050000 -0.057952)
            (0.528663 -0.050000 -0.059027)
            (0.532452 -0.050000 -0.060106)
            (0.536237 -0.050000 -0.061186)
            (0.540020 -0.050000 -0.062270)
            (0.543800 -0.050000 -0.063355)
            (0.547576 -0.050000 -0.064443)
            (0.551349 -0.050000 -0.065533)
            (0.555118 -0.050000 -0.066624)
            (0.558883 -0.050000 -0.067718)
            (0.562644 -0.050000 -0.068813)
            (0.566400 -0.050000 -0.069910)
            (0.570152 -0.050000 -0.071009)
            (0.573898 -0.050000 -0.072109)
            (0.577640 -0.050000 -0.073210)
            (0.581376 -0.050000 -0.074313)
            (0.585107 -0.050000 -0.075417)
            (0.588832 -0.050000 -0.076521)
            (0.592551 -0.050000 -0.077627)
            (0.596263 -0.050000 -0.078734)
            (0.599970 -0.050000 -0.079841)
            (0.603669 -0.050000 -0.080949)
            (0.607362 -0.050000 -0.082057)
            (0.611047 -0.050000 -0.083166)
            (0.614725 -0.050000 -0.084276)
            (0.618396 -0.050000 -0.085385)
            (0.622058 -0.050000 -0.086495)
            (0.625713 -0.050000 -0.087604)
            (0.629359 -0.050000 -0.088714)
            (0.632997 -0.050000 -0.089823)
            (0.636626 -0.050000 -0.090932)
            (0.640247 -0.050000 -0.092041)
            (0.643858 -0.050000 -0.093149)
            (0.647460 -0.050000 -0.094257)
            (0.651052 -0.050000 -0.095364)
            (0.654635 -0.050000 -0.096471)
            (0.658207 -0.050000 -0.097576)
            (0.661770 -0.050000 -0.098681)
            (0.665322 -0.050000 -0.099784)
            (0.668863 -0.050000 -0.100887)
            (0.672394 -0.050000 -0.101988)
            (0.675913 -0.050000 -0.103087)
            (0.679421 -0.050000 -0.104186)
            (0.682918 -0.050000 -0.105283)
            (0.686403 -0.050000 -0.106378)
            (0.689876 -0.050000 -0.107471)
            (0.693337 -0.050000 -0.108563)
            (0.696785 -0.050000 -0.109653)
            (0.700221 -0.050000 -0.110741)
            (0.703645 -0.050000 -0.111826)
            (0.707055 -0.050000 -0.112910)
            (0.710452 -0.050000 -0.113991)
            (0.713836 -0.050000 -0.115070)
            (0.717207 -0.050000 -0.116147)
            (0.720563 -0.050000 -0.117220)
            (0.723906 -0.050000 -0.118292)
            (0.727234 -0.050000 -0.119360)
            (0.730548 -0.050000 -0.120426)
            (0.733848 -0.050000 -0.121489)
            (0.737132 -0.050000 -0.122549)
            (0.740402 -0.050000 -0.123605)
            (0.743657 -0.050000 -0.124659)
            (0.746896 -0.050000 -0.125709)
            (0.750120 -0.050000 -0.126756)
            (0.753327 -0.050000 -0.127800)
            (0.756519 -0.050000 -0.128840)
            (0.759695 -0.050000 -0.129876)
            (0.762855 -0.050000 -0.130909)
            (0.765997 -0.050000 -0.131938)
            (0.769124 -0.050000 -0.132963)
            (0.772233 -0.050000 -0.133984)
            (0.775325 -0.050000 -0.135001)
            (0.778400 -0.050000 -0.136013)
            (0.781458 -0.050000 -0.137022)
            (0.784497 -0.050000 -0.138026)
            (0.787519 -0.050000 -0.139026)
            (0.790523 -0.050000 -0.140022)
            (0.793509 -0.050000 -0.141012)
            (0.796476 -0.050000 -0.141999)
            (0.799425 -0.050000 -0.142980)
            (0.802355 -0.050000 -0.143957)
            (0.805266 -0.050000 -0.144928)
            (0.808158 -0.050000 -0.145895)
            (0.811031 -0.050000 -0.146857)
            (0.813885 -0.050000 -0.147813)
            (0.816718 -0.050000 -0.148765)
            (0.819532 -0.050000 -0.149711)
            (0.822326 -0.050000 -0.150651)
            (0.825100 -0.050000 -0.151587)
            (0.827854 -0.050000 -0.152516)
            (0.830587 -0.050000 -0.153440)
            (0.833300 -0.050000 -0.154358)
            (0.835991 -0.050000 -0.155271)
            (0.838662 -0.050000 -0.156177)
            (0.841312 -0.050000 -0.157078)
            (0.843941 -0.050000 -0.157972)
            (0.846548 -0.050000 -0.158861)
            (0.849133 -0.050000 -0.159743)
            (0.851697 -0.050000 -0.160619)
            (0.854239 -0.050000 -0.161489)
            (0.856759 -0.050000 -0.162352)
            (0.859256 -0.050000 -0.163208)
            (0.861732 -0.050000 -0.164059)
            (0.864184 -0.050000 -0.164902)
            (0.866615 -0.050000 -0.165739)
            (0.869022 -0.050000 -0.166569)
            (0.871406 -0.050000 -0.167392)
            (0.873768 -0.050000 -0.168208)
            (0.876106 -0.050000 -0.169017)
            (0.878421 -0.050000 -0.169818)
            (0.880712 -0.050000 -0.170613)
            (0.882980 -0.050000 -0.171401)
            (0.885224 -0.050000 -0.172181)
            (0.887444 -0.050000 -0.172953)
            (0.889640 -0.050000 -0.173719)
            (0.891812 -0.050000 -0.174476)
            (0.893960 -0.050000 -0.175226)
            (0.896083 -0.050000 -0.175969)
            (0.898182 -0.050000 -0.176703)
            (0.900256 -0.050000 -0.177430)
            (0.902305 -0.050000 -0.178149)
            (0.904329 -0.050000 -0.178860)
            (0.906329 -0.050000 -0.179563)
            (0.908303 -0.050000 -0.180258)
            (0.910252 -0.050000 -0.180945)
            (0.912175 -0.050000 -0.181623)
            (0.914073 -0.050000 -0.182293)
            (0.915945 -0.050000 -0.182955)
            (0.917792 -0.050000 -0.183608)
            (0.919613 -0.050000 -0.184253)
            (0.921408 -0.050000 -0.184889)
            (0.923177 -0.050000 -0.185517)
            (0.924919 -0.050000 -0.186136)
            (0.926636 -0.050000 -0.186746)
            (0.928326 -0.050000 -0.187348)
            (0.929989 -0.050000 -0.187940)
            (0.931627 -0.050000 -0.188524)
            (0.933237 -0.050000 -0.189098)
            (0.934821 -0.050000 -0.189664)
            (0.936377 -0.050000 -0.190221)
            (0.937907 -0.050000 -0.190768)
            (0.939410 -0.050000 -0.191306)
            (0.940886 -0.050000 -0.191835)
            (0.942335 -0.050000 -0.192355)
            (0.943756 -0.050000 -0.192865)
            (0.945150 -0.050000 -0.193366)
            (0.946516 -0.050000 -0.193857)
            (0.947855 -0.050000 -0.194339)
            (0.949167 -0.050000 -0.194811)
            (0.950450 -0.050000 -0.195274)
            (0.951706 -0.050000 -0.195727)
            (0.952934 -0.050000 -0.196170)
            (0.954134 -0.050000 -0.196603)
            (0.955307 -0.050000 -0.197027)
            (0.956451 -0.050000 -0.197441)
            (0.957567 -0.050000 -0.197845)
            (0.958655 -0.050000 -0.198238)
            (0.959714 -0.050000 -0.198622)
            (0.960745 -0.050000 -0.198996)
            (0.961748 -0.050000 -0.199360)
            (0.962723 -0.050000 -0.199714)
            (0.963669 -0.050000 -0.200057)
            (0.964586 -0.050000 -0.200391)
            (0.965475 -0.050000 -0.200714)
            (0.966336 -0.050000 -0.201027)
            (0.967167 -0.050000 -0.201330)
            (0.967970 -0.050000 -0.201622)
            (0.968744 -0.050000 -0.201904)
            (0.969489 -0.050000 -0.202176)
            (0.970206 -0.050000 -0.202437)
            (0.970893 -0.050000 -0.202687)
            (0.971551 -0.050000 -0.202928)
            (0.972181 -0.050000 -0.203158)
            (0.972781 -0.050000 -0.203377)
            (0.973353 -0.050000 -0.203586)
            (0.973895 -0.050000 -0.203784)
            (0.974408 -0.050000 -0.203971)
            (0.974892 -0.050000 -0.204148)
            (0.975347 -0.050000 -0.204315)
            (0.975772 -0.050000 -0.204470)
            (0.976169 -0.050000 -0.204615)
            (0.976536 -0.050000 -0.204750)
            (0.976874 -0.050000 -0.204873)
            (0.977182 -0.050000 -0.204986)
            (0.977461 -0.050000 -0.205089)
            (0.977711 -0.050000 -0.205180)
            (0.977932 -0.050000 -0.205261)
            (0.978123 -0.050000 -0.205331)
            (0.978284 -0.050000 -0.205390)
            (0.978417 -0.050000 -0.205439)
            (0.978520 -0.050000 -0.205476)
            (0.978593 -0.050000 -0.205503)
            (0.978637 -0.050000 -0.205519)
        ) 
    spline 16 18 
        ( 
            (-0.000129 -0.050000 -0.000688)
            (-0.000227 -0.050000 -0.001381)
            (-0.000294 -0.050000 -0.002077)
            (-0.000330 -0.050000 -0.002778)
            (-0.000335 -0.050000 -0.003482)
            (-0.000310 -0.050000 -0.004191)
            (-0.000254 -0.050000 -0.004903)
            (-0.000167 -0.050000 -0.005620)
            (-0.000049 -0.050000 -0.006340)
            (0.000099 -0.050000 -0.007065)
            (0.000278 -0.050000 -0.007793)
            (0.000488 -0.050000 -0.008525)
            (0.000729 -0.050000 -0.009261)
            (0.001001 -0.050000 -0.010001)
            (0.001303 -0.050000 -0.010745)
            (0.001635 -0.050000 -0.011492)
            (0.001999 -0.050000 -0.012243)
            (0.002393 -0.050000 -0.012998)
            (0.002817 -0.050000 -0.013756)
            (0.003273 -0.050000 -0.014518)
            (0.003758 -0.050000 -0.015284)
            (0.004275 -0.050000 -0.016053)
            (0.004821 -0.050000 -0.016826)
            (0.005398 -0.050000 -0.017602)
            (0.006006 -0.050000 -0.018382)
            (0.006644 -0.050000 -0.019165)
            (0.007312 -0.050000 -0.019951)
            (0.008010 -0.050000 -0.020740)
            (0.008739 -0.050000 -0.021533)
            (0.009498 -0.050000 -0.022329)
            (0.010287 -0.050000 -0.023128)
            (0.011106 -0.050000 -0.023930)
            (0.011955 -0.050000 -0.024736)
            (0.012834 -0.050000 -0.025544)
            (0.013743 -0.050000 -0.026355)
            (0.014682 -0.050000 -0.027169)
            (0.015650 -0.050000 -0.027986)
            (0.016649 -0.050000 -0.028805)
            (0.017677 -0.050000 -0.029628)
            (0.018735 -0.050000 -0.030453)
            (0.019822 -0.050000 -0.031280)
            (0.020939 -0.050000 -0.032110)
            (0.022085 -0.050000 -0.032943)
            (0.023261 -0.050000 -0.033778)
            (0.024466 -0.050000 -0.034615)
            (0.025700 -0.050000 -0.035454)
            (0.026963 -0.050000 -0.036296)
            (0.028256 -0.050000 -0.037140)
            (0.029577 -0.050000 -0.037986)
            (0.030928 -0.050000 -0.038834)
            (0.032307 -0.050000 -0.039684)
            (0.033715 -0.050000 -0.040536)
            (0.035151 -0.050000 -0.041389)
            (0.036617 -0.050000 -0.042245)
            (0.038110 -0.050000 -0.043102)
            (0.039633 -0.050000 -0.043960)
            (0.041183 -0.050000 -0.044821)
            (0.042762 -0.050000 -0.045682)
            (0.044369 -0.050000 -0.046545)
            (0.046003 -0.050000 -0.047410)
            (0.047666 -0.050000 -0.048275)
            (0.049357 -0.050000 -0.049142)
            (0.051075 -0.050000 -0.050010)
            (0.052821 -0.050000 -0.050879)
            (0.054595 -0.050000 -0.051749)
            (0.056396 -0.050000 -0.052620)
            (0.058224 -0.050000 -0.053492)
            (0.060079 -0.050000 -0.054364)
            (0.061962 -0.050000 -0.055237)
            (0.063872 -0.050000 -0.056111)
            (0.065808 -0.050000 -0.056985)
            (0.067771 -0.050000 -0.057860)
            (0.069761 -0.050000 -0.058735)
            (0.071777 -0.050000 -0.059611)
            (0.073820 -0.050000 -0.060487)
            (0.075889 -0.050000 -0.061363)
            (0.077984 -0.050000 -0.062239)
            (0.080105 -0.050000 -0.063115)
            (0.082253 -0.050000 -0.063991)
            (0.084425 -0.050000 -0.064867)
            (0.086624 -0.050000 -0.065743)
            (0.088848 -0.050000 -0.066618)
            (0.091097 -0.050000 -0.067494)
            (0.093372 -0.050000 -0.068369)
            (0.095671 -0.050000 -0.069243)
            (0.097996 -0.050000 -0.070117)
            (0.100345 -0.050000 -0.070990)
            (0.102719 -0.050000 -0.071863)
            (0.105118 -0.050000 -0.072735)
            (0.107541 -0.050000 -0.073607)
            (0.109988 -0.050000 -0.074477)
            (0.112459 -0.050000 -0.075346)
            (0.114954 -0.050000 -0.076215)
            (0.117473 -0.050000 -0.077083)
            (0.120016 -0.050000 -0.077949)
            (0.122582 -0.050000 -0.078814)
            (0.125171 -0.050000 -0.079678)
            (0.127783 -0.050000 -0.080541)
            (0.130419 -0.050000 -0.081403)
            (0.133077 -0.050000 -0.082263)
            (0.135758 -0.050000 -0.083121)
            (0.138461 -0.050000 -0.083978)
            (0.141187 -0.050000 -0.084834)
            (0.143935 -0.050000 -0.085688)
            (0.146705 -0.050000 -0.086540)
            (0.149497 -0.050000 -0.087391)
            (0.152310 -0.050000 -0.088239)
            (0.155145 -0.050000 -0.089086)
            (0.158001 -0.050000 -0.089931)
            (0.160878 -0.050000 -0.090774)
            (0.163776 -0.050000 -0.091615)
            (0.166695 -0.050000 -0.092454)
            (0.169635 -0.050000 -0.093291)
            (0.172595 -0.050000 -0.094125)
            (0.175575 -0.050000 -0.094958)
            (0.178575 -0.050000 -0.095788)
            (0.181595 -0.050000 -0.096616)
            (0.184634 -0.050000 -0.097442)
            (0.187693 -0.050000 -0.098265)
            (0.190772 -0.050000 -0.099086)
            (0.193869 -0.050000 -0.099904)
            (0.196985 -0.050000 -0.100720)
            (0.200120 -0.050000 -0.101534)
            (0.203274 -0.050000 -0.102345)
            (0.206445 -0.050000 -0.103153)
            (0.209635 -0.050000 -0.103958)
            (0.212843 -0.050000 -0.104761)
            (0.216068 -0.050000 -0.105561)
            (0.219311 -0.050000 -0.106359)
            (0.222571 -0.050000 -0.107154)
            (0.225848 -0.050000 -0.107945)
            (0.229143 -0.050000 -0.108734)
            (0.232453 -0.050000 -0.109520)
            (0.235780 -0.050000 -0.110304)
            (0.239124 -0.050000 -0.111084)
            (0.242483 -0.050000 -0.111861)
            (0.245859 -0.050000 -0.112636)
            (0.249249 -0.050000 -0.113407)
            (0.252656 -0.050000 -0.114175)
            (0.256077 -0.050000 -0.114940)
            (0.259513 -0.050000 -0.115702)
            (0.262964 -0.050000 -0.116462)
            (0.266430 -0.050000 -0.117217)
            (0.269910 -0.050000 -0.117970)
            (0.273404 -0.050000 -0.118720)
            (0.276912 -0.050000 -0.119466)
        ) 
    spline 18 19 
        ( 
            (0.283968 -0.050000 -0.120949)
            (0.287516 -0.050000 -0.121686)
            (0.291077 -0.050000 -0.122419)
            (0.294650 -0.050000 -0.123150)
            (0.298237 -0.050000 -0.123877)
            (0.301835 -0.050000 -0.124600)
            (0.305445 -0.050000 -0.125320)
            (0.309068 -0.050000 -0.126037)
            (0.312702 -0.050000 -0.126751)
            (0.316347 -0.050000 -0.127461)
            (0.320003 -0.050000 -0.128168)
            (0.323670 -0.050000 -0.128872)
            (0.327348 -0.050000 -0.129572)
            (0.331036 -0.050000 -0.130269)
            (0.334734 -0.050000 -0.130962)
            (0.338443 -0.050000 -0.131652)
            (0.342161 -0.050000 -0.132339)
            (0.345888 -0.050000 -0.133022)
            (0.349625 -0.050000 -0.133702)
            (0.353370 -0.050000 -0.134379)
            (0.357125 -0.050000 -0.135052)
            (0.360888 -0.050000 -0.135721)
            (0.364659 -0.050000 -0.136387)
            (0.368438 -0.050000 -0.137050)
            (0.372225 -0.050000 -0.137709)
            (0.376019 -0.050000 -0.138365)
            (0.379821 -0.050000 -0.139018)
            (0.383630 -0.050000 -0.139667)
            (0.387445 -0.050000 -0.140312)
            (0.391267 -0.050000 -0.140954)
            (0.395095 -0.050000 -0.141593)
            (0.398930 -0.050000 -0.142228)
            (0.402770 -0.050000 -0.142860)
            (0.406616 -0.050000 -0.143488)
            (0.410467 -0.050000 -0.144113)
            (0.414323 -0.050000 -0.144735)
            (0.418184 -0.050000 -0.145353)
            (0.422050 -0.050000 -0.145967)
            (0.425920 -0.050000 -0.146578)
            (0.429794 -0.050000 -0.147186)
            (0.433672 -0.050000 -0.147790)
            (0.437553 -0.050000 -0.148391)
            (0.441438 -0.050000 -0.148989)
            (0.445326 -0.050000 -0.149583)
            (0.449216 -0.050000 -0.150174)
            (0.453110 -0.050000 -0.150761)
            (0.457005 -0.050000 -0.151345)
            (0.460903 -0.050000 -0.151925)
            (0.464802 -0.050000 -0.152502)
            (0.468704 -0.050000 -0.153076)
            (0.472606 -0.050000 -0.153646)
            (0.476510 -0.050000 -0.154213)
            (0.480414 -0.050000 -0.154777)
            (0.484319 -0.050000 -0.155337)
            (0.488224 -0.050000 -0.155894)
            (0.492129 -0.050000 -0.156447)
            (0.496035 -0.050000 -0.156997)
            (0.499939 -0.050000 -0.157544)
            (0.503843 -0.050000 -0.158087)
            (0.507747 -0.050000 -0.158627)
            (0.511649 -0.050000 -0.159164)
            (0.515549 -0.050000 -0.159697)
            (0.519448 -0.050000 -0.160227)
            (0.523345 -0.050000 -0.160754)
            (0.527240 -0.050000 -0.161277)
            (0.531133 -0.050000 -0.161797)
            (0.535022 -0.050000 -0.162314)
            (0.538909 -0.050000 -0.162827)
            (0.542793 -0.050000 -0.163337)
            (0.546673 -0.050000 -0.163844)
            (0.550550 -0.050000 -0.164348)
            (0.554423 -0.050000 -0.164848)
            (0.558291 -0.050000 -0.165344)
            (0.562155 -0.050000 -0.165838)
            (0.566015 -0.050000 -0.166328)
            (0.569870 -0.050000 -0.166815)
            (0.573719 -0.050000 -0.167299)
            (0.577563 -0.050000 -0.167779)
            (0.581402 -0.050000 -0.168257)
            (0.585234 -0.050000 -0.168730)
            (0.589061 -0.050000 -0.169201)
            (0.592881 -0.050000 -0.169668)
            (0.596694 -0.050000 -0.170132)
            (0.600501 -0.050000 -0.170593)
            (0.604301 -0.050000 -0.171051)
            (0.608093 -0.050000 -0.171505)
            (0.611878 -0.050000 -0.171956)
            (0.615655 -0.050000 -0.172404)
            (0.619423 -0.050000 -0.172848)
            (0.623184 -0.050000 -0.173290)
            (0.626936 -0.050000 -0.173728)
            (0.630679 -0.050000 -0.174162)
            (0.634413 -0.050000 -0.174594)
            (0.638138 -0.050000 -0.175022)
            (0.641854 -0.050000 -0.175447)
            (0.645560 -0.050000 -0.175869)
            (0.649255 -0.050000 -0.176288)
            (0.652941 -0.050000 -0.176703)
            (0.656616 -0.050000 -0.177115)
            (0.660281 -0.050000 -0.177524)
            (0.663934 -0.050000 -0.177930)
            (0.667577 -0.050000 -0.178332)
            (0.671208 -0.050000 -0.178731)
            (0.674827 -0.050000 -0.179127)
            (0.678435 -0.050000 -0.179520)
            (0.682031 -0.050000 -0.179910)
            (0.685614 -0.050000 -0.180296)
            (0.689185 -0.050000 -0.180679)
            (0.692743 -0.050000 -0.181059)
            (0.696289 -0.050000 -0.181436)
            (0.699821 -0.050000 -0.181809)
            (0.703339 -0.050000 -0.182180)
            (0.706844 -0.050000 -0.182547)
            (0.710335 -0.050000 -0.182911)
            (0.713812 -0.050000 -0.183271)
            (0.717275 -0.050000 -0.183629)
            (0.720723 -0.050000 -0.183983)
            (0.724157 -0.050000 -0.184334)
            (0.727576 -0.050000 -0.184682)
            (0.730979 -0.050000 -0.185027)
            (0.734367 -0.050000 -0.185368)
            (0.737740 -0.050000 -0.185706)
            (0.741096 -0.050000 -0.186041)
            (0.744437 -0.050000 -0.186373)
            (0.747761 -0.050000 -0.186702)
            (0.751069 -0.050000 -0.187028)
            (0.754360 -0.050000 -0.187350)
            (0.757635 -0.050000 -0.187669)
            (0.760892 -0.050000 -0.187985)
            (0.764132 -0.050000 -0.188298)
            (0.767355 -0.050000 -0.188608)
            (0.770560 -0.050000 -0.188914)
            (0.773747 -0.050000 -0.189218)
            (0.776916 -0.050000 -0.189518)
            (0.780066 -0.050000 -0.189815)
            (0.783198 -0.050000 -0.190109)
            (0.786312 -0.050000 -0.190400)
            (0.789406 -0.050000 -0.190687)
            (0.792482 -0.050000 -0.190972)
            (0.795538 -0.050000 -0.191253)
            (0.798574 -0.050000 -0.191532)
            (0.801591 -0.050000 -0.191807)
            (0.804588 -0.050000 -0.192079)
            (0.807566 -0.050000 -0.192348)
            (0.810522 -0.050000 -0.192614)
            (0.813459 -0.050000 -0.192877)
            (0.816374 -0.050000 -0.193137)
            (0.819269 -0.050000 -0.193393)
            (0.822143 -0.050000 -0.193647)
            (0.824996 -0.050000 -0.193897)
            (0.827828 -0.050000 -0.194145)
            (0.830637 -0.050000 -0.194389)
            (0.833426 -0.050000 -0.194631)
            (0.836192 -0.050000 -0.194869)
            (0.838936 -0.050000 -0.195105)
            (0.841658 -0.050000 -0.195337)
            (0.844358 -0.050000 -0.195566)
            (0.847035 -0.050000 -0.195793)
            (0.849689 -0.050000 -0.196016)
            (0.852320 -0.050000 -0.196237)
            (0.854928 -0.050000 -0.196454)
            (0.857513 -0.050000 -0.196669)
            (0.860075 -0.050000 -0.196880)
            (0.862612 -0.050000 -0.197089)
            (0.865127 -0.050000 -0.197295)
            (0.867617 -0.050000 -0.197497)
            (0.870083 -0.050000 -0.197697)
            (0.872525 -0.050000 -0.197894)
            (0.874942 -0.050000 -0.198089)
            (0.877335 -0.050000 -0.198280)
            (0.879703 -0.050000 -0.198468)
            (0.882047 -0.050000 -0.198654)
            (0.884365 -0.050000 -0.198837)
            (0.886658 -0.050000 -0.199017)
            (0.888926 -0.050000 -0.199194)
            (0.891169 -0.050000 -0.199369)
            (0.893386 -0.050000 -0.199540)
            (0.895577 -0.050000 -0.199709)
            (0.897742 -0.050000 -0.199875)
            (0.899882 -0.050000 -0.200039)
            (0.901995 -0.050000 -0.200200)
            (0.904082 -0.050000 -0.200358)
            (0.906142 -0.050000 -0.200513)
            (0.908176 -0.050000 -0.200666)
            (0.910183 -0.050000 -0.200816)
            (0.912164 -0.050000 -0.200963)
            (0.914117 -0.050000 -0.201108)
            (0.916043 -0.050000 -0.201250)
            (0.917943 -0.050000 -0.201389)
            (0.919815 -0.050000 -0.201526)
            (0.921659 -0.050000 -0.201661)
            (0.923476 -0.050000 -0.201792)
            (0.925265 -0.050000 -0.201922)
            (0.927027 -0.050000 -0.202048)
            (0.928760 -0.050000 -0.202173)
            (0.930466 -0.050000 -0.202294)
            (0.932143 -0.050000 -0.202413)
            (0.933792 -0.050000 -0.202530)
            (0.935413 -0.050000 -0.202645)
            (0.937006 -0.050000 -0.202756)
            (0.938569 -0.050000 -0.202866)
            (0.940105 -0.050000 -0.202973)
            (0.941611 -0.050000 -0.203077)
            (0.943089 -0.050000 -0.203180)
            (0.944537 -0.050000 -0.203280)
            (0.945957 -0.050000 -0.203377)
            (0.947348 -0.050000 -0.203472)
            (0.948709 -0.050000 -0.203565)
            (0.950041 -0.050000 -0.203656)
            (0.951344 -0.050000 -0.203744)
            (0.952617 -0.050000 -0.203830)
            (0.953860 -0.050000 -0.203914)
            (0.955074 -0.050000 -0.203995)
            (0.956258 -0.050000 -0.204074)
            (0.957413 -0.050000 -0.204151)
            (0.958537 -0.050000 -0.204226)
            (0.959632 -0.050000 -0.204299)
            (0.960696 -0.050000 -0.204369)
            (0.961731 -0.050000 -0.204437)
            (0.962735 -0.050000 -0.204503)
            (0.963709 -0.050000 -0.204567)
            (0.964653 -0.050000 -0.204629)
            (0.965567 -0.050000 -0.204688)
            (0.966450 -0.050000 -0.204746)
            (0.967302 -0.050000 -0.204801)
            (0.968124 -0.050000 -0.204854)
            (0.968916 -0.050000 -0.204905)
            (0.969677 -0.050000 -0.204954)
            (0.970407 -0.050000 -0.205001)
            (0.971107 -0.050000 -0.205046)
            (0.971775 -0.050000 -0.205089)
            (0.972413 -0.050000 -0.205130)
            (0.973020 -0.050000 -0.205169)
            (0.973596 -0.050000 -0.205205)
            (0.974142 -0.050000 -0.205240)
            (0.974656 -0.050000 -0.205273)
            (0.975139 -0.050000 -0.205303)
            (0.975592 -0.050000 -0.205332)
            (0.976013 -0.050000 -0.205359)
            (0.976403 -0.050000 -0.205383)
            (0.976762 -0.050000 -0.205406)
            (0.977090 -0.050000 -0.205427)
            (0.977386 -0.050000 -0.205445)
            (0.977652 -0.050000 -0.205462)
            (0.977886 -0.050000 -0.205477)
            (0.978089 -0.050000 -0.205490)
            (0.978261 -0.050000 -0.205500)
            (0.978402 -0.050000 -0.205509)
            (0.978511 -0.050000 -0.205516)
            (0.978589 -0.050000 -0.205521)
            (0.978636 -0.050000 -0.205524)
        ) 
    arc 0 1 (-5.351755 0.050000 5.656854) 
    arc 0 9 (-5.351755 0.050000 -5.656854) 
    arc 12 13 (-5.351755 -0.050000 5.656854) 
    arc 12 21 (-5.351755 -0.050000 -5.656854) 
); 

boundary 
( 
    inlet 
    { 
        type patch; 
        faces 
        ( 
            (1 0 12 13) 
            (0 9 21 12) 
        ); 
    } 

    outlet 
    { 
        type patch; 
        faces 
        ( 
            (11 8 20 23) 
            (8 3 15 20) 
        ); 
    } 

    topAndBottom 
    { 
        type patch; 
        faces 
        ( 
            (3 2 14 15) 
            (2 1 13 14) 
            (9 10 22 21) 
            (10 11 23 22) 
        ); 
    } 

    airfoil 
    { 
        type wall; 
        faces 
        ( 
            (5 4 16 17) 
            (7 5 17 19) 
            (4 6 18 16) 
            (6 7 19 18) 
        ); 
    } 
); 
 
mergePatchPairs 
( 
); 
 
// ************************************************************************* // 
